East_Anglia Rainfall (mm)
Areal series, starting from 1910
Allowances have been made for topographic, coastal and urban effects where relationships are found to exist.
Seasons: Winter=Dec-Feb, Spring=Mar-May, Summer=June-Aug, Autumn=Sept-Nov. (Winter: Year refers to Jan/Feb).
Values are ranked and displayed to 1 dp. Where values are equal, rankings are based in order of year descending.
Data are provisional from January 2018 and Winter 2018.  Last updated 05/11/2019.

Year    JAN    FEB    MAR    APR    MAY    JUN    JUL    AUG    SEP    OCT    NOV    DEC     WIN    SPR    SUM    AUT     ANN
1910   45.4   58.6   22.5   52.2   74.7   49.5   75.2   57.4   28.9   45.0   80.3  103.6     ---  149.4  182.1  154.1   693.2
1911   38.3   33.3   55.1   28.3   32.3   68.2   11.7   27.4   45.1   63.3   83.4   98.4   175.1  115.7  107.3  191.8   584.8
1912   74.3   35.9   68.5    5.8   36.8   69.6   74.5  177.7   59.0   52.2   59.1   63.5   208.6  111.0  321.7  170.4   776.8
1913   66.9   17.7   53.2   53.9   45.8   29.9   42.9   31.2   41.1   86.7   56.3   18.2   148.1  152.9  104.0  184.1   543.9
1914   34.9   39.9   90.8   18.3   30.2   45.2   53.5   30.2   25.2   52.0   66.3  145.7    93.0  139.3  128.9  143.5   632.2
1915   73.4   69.2   36.0   21.1   52.3   28.1  101.3   64.8   38.4   37.8   68.6  104.9   288.3  109.5  194.3  144.7   696.0
1916   34.6   93.7   94.2   37.8   48.5   62.3   36.6   90.4   33.3   62.3   83.2   72.3   233.2  180.4  189.3  178.8   749.2
1917   45.2   19.4   49.3   43.6   30.8   48.6   78.3  115.2   44.3   88.8   38.7   25.7   136.9  123.7  242.1  171.8   627.9
1918   62.7   23.1   20.0   74.8   45.5   23.1   96.7   35.6  127.0   47.4   50.7   66.9   111.5  140.3  155.4  225.2   673.6
1919   76.9   69.3   61.2   66.7   12.5   32.7   70.9   58.3   26.6   37.1   49.7   98.7   213.2  140.4  161.9  113.4   660.6
1920   52.2   14.7   34.4   85.3   34.0   40.3   81.7   39.9   62.7   22.2   20.2   59.9   165.6  153.8  161.9  105.1   547.5
1921   49.0    8.8   24.2   34.2   27.9    9.5    8.6   38.7   37.2   31.0   41.4   36.0   117.6   86.3   56.7  109.6   346.4
1922   81.1   51.9   42.7   65.3   26.2   33.0   97.7   52.7   71.0   24.1   34.8   52.8   168.9  134.1  183.4  129.8   633.2
1923   35.8   73.9   41.1   30.1   34.0   16.1   60.0   59.3   47.7   95.1   55.3   64.4   162.6  105.2  135.4  198.1   612.8
1924   58.4   25.7   16.3   63.5   97.0   46.6   73.6   56.8   71.6   98.9   58.4   60.2   148.6  176.8  177.0  229.0   727.1
1925   29.9   57.8   30.6   48.6   55.3   10.4   56.2   65.6   72.4   64.2   57.6   53.0   147.9  134.6  132.1  194.3   601.6
1926   62.6   55.5    7.5   76.1   42.9   70.0   54.8   37.4   37.8   63.6   89.6   16.2   171.1  126.4  162.1  191.0   613.9
1927   42.7   67.5   49.3   46.3   20.5   90.1   69.0   81.6   98.7   49.6   72.5   60.3   126.4  116.2  240.6  220.9   748.2
1928   83.3   31.7   42.3   30.7   44.8   60.2   55.3   51.9   18.9   70.5   55.5   69.9   175.3  117.8  167.4  144.8   614.8
1929   39.1   14.8    2.0   31.7   33.7   23.2   65.0   27.5   15.5   75.7  104.8  106.2   123.7   67.5  115.7  195.9   539.0
1930   47.8   18.7   35.2   50.1   69.4   24.5   90.2   65.3  108.8   23.0   91.1   52.9   172.7  154.7  179.9  222.9   676.9
1931   45.8   57.2    7.8   82.0   71.7   38.3   85.6   91.0   58.4   19.6   50.9   24.7   155.9  161.6  214.9  129.0   633.1
1932   26.7   11.7   37.2   63.4   96.2   15.0   71.5   52.5   48.3  108.3   34.6   12.5    63.1  196.8  139.0  191.2   577.9
1933   29.9   40.8   50.0   26.2   42.4   52.2   37.7   20.9   61.6   53.7   43.7   13.1    83.1  118.6  110.8  159.0   472.1
1934   32.8   11.1   43.9   53.6   26.5   34.8   38.2   46.3   41.4   37.6   41.3   96.0    56.9  123.9  119.3  120.3   503.4
1935   50.4   53.9   14.2   67.3   31.7   69.5   18.5   37.3   90.4   63.7   92.4   54.8   200.3  113.2  125.3  246.5   644.1
1936   81.8   59.7   18.3   36.0   24.1   91.3  115.5   22.4   66.4   46.4   73.8   42.8   196.3   78.4  229.2  186.6   678.5
1937   92.5   79.7   79.6   68.2   74.3   43.8   48.2   40.9   50.6   47.9   43.4   79.9   215.0  222.0  132.9  141.9   749.0
1938   64.1   17.3   10.0    9.4   49.8   20.9   39.2   43.9   60.3   66.4   58.3   76.2   161.3   69.2  104.0  185.0   515.8
1939  118.6   20.0   47.4   64.7   27.8   45.2   54.0   76.2   34.3  133.8   97.9   38.7   214.8  139.9  175.4  265.9   758.4
1940   43.7   41.3   68.2   37.8   30.7   13.4   82.4   10.2   22.1   56.1  154.5   43.1   123.7  136.7  106.0  232.7   603.5
1941   56.8   51.8   77.9   29.7   48.2   22.3   67.6  103.3   11.8   54.3   60.4   31.9   151.6  155.8  193.2  126.5   616.0
1942   64.5   24.6   43.9   20.3   56.9   19.2   73.1   43.9   41.7   88.3   62.6   57.0   121.1  121.1  136.1  192.6   596.0
1943  100.8   20.2   13.7   24.5   42.6   47.7   27.8   38.6   47.9   41.9   46.2   32.0   178.0   80.8  114.1  136.1   484.1
1944   42.0   30.5    9.4   43.0   26.7   40.9   49.6   49.1   81.1   84.8   90.9   31.6   104.5   79.0  139.6  256.7   579.5
1945   50.7   39.2   27.2   32.6   57.1   47.6   41.3   59.8   52.7   55.1   18.5   67.0   121.5  116.9  148.7  126.2   548.7
1946   36.3   55.3   30.4   26.3   45.3   69.9   94.4   95.4   70.7   37.6   95.9   59.8   158.6  102.1  259.7  204.2   717.4
1947   42.9   41.1  111.0   40.5   15.9   58.4   48.5    4.4   27.9    6.0   31.0   63.0   143.8  167.4  111.2   64.8   490.5
1948   91.3   24.2   18.1   35.4   68.8   69.0   36.9   88.9   40.4   50.6   36.6   43.8   178.5  122.3  194.8  127.7   604.1
1949   25.8   23.9   23.8   39.9   52.8   18.8   43.1   37.9   24.2  103.8   57.6   38.7    93.5  116.5   99.8  185.6   490.4
1950   28.6   79.3   13.0   47.8   54.3   40.8   99.6   59.8   75.2   15.6  104.6   42.8   146.6  115.1  200.2  195.4   661.5
1951   61.0   86.8   78.7   78.3   57.3   30.2   41.3   84.2   64.0   21.6   90.7   39.2   190.6  214.3  155.6  176.4   733.3
1952   51.5   20.3   69.6   33.4   36.8   34.1   22.4   77.8   73.8   56.0   95.4   57.9   111.0  139.9  134.3  225.3   629.2
1953   25.7   35.7   14.5   53.8   37.1   66.3   68.1   54.3   38.4   60.1   32.7   20.2   119.3  105.4  188.7  131.2   506.9
1954   33.7   51.6   56.3    8.2   55.0   61.2   67.6  105.2   42.2   51.2   97.7   48.2   105.5  119.5  234.0  191.2   678.2
1955   50.9   50.4   37.4   11.4   75.0   58.1    7.7   34.1   45.5   84.1   23.7   41.9   149.6  123.9   99.9  153.3   520.3
1956   86.5   25.8   18.6   26.1   16.8   58.4   76.8  105.8   41.4   46.9   23.6   53.5   154.2   61.4  241.0  111.8   580.1
1957   33.7   60.0   39.8    6.8   31.0   47.3   75.0   60.4   85.9   39.4   49.0   52.2   147.2   77.6  182.7  174.3   580.4
1958   56.7   74.4   27.8   28.0   62.7  107.4   77.4   77.5   74.6   52.5   35.7   70.8   183.2  118.5  262.2  162.8   745.5
1959   67.3    3.5   42.0   45.4   14.7   25.7   63.4   33.7    1.7   46.0   51.0   86.8   141.6  102.2  122.7   98.7   481.2
1960   69.6   38.8   34.1   14.5   22.0   44.9   80.6   79.9   92.2  125.6   85.6   80.9   195.2   70.6  205.4  303.4   768.7
1961   67.5   47.0    8.3   48.5   27.9   30.7   41.9   55.9   62.8   83.4   49.8   81.5   195.3   84.8  128.6  196.0   605.3
1962   56.6   20.0   34.6   44.4   45.7    5.6   72.8   50.5   71.4   30.5   47.3   46.2   158.1  124.6  128.9  149.2   525.5
1963   24.6   16.4   65.9   52.1   48.4   46.0   46.7   83.3   46.6   38.7   84.3   16.2    87.2  166.5  176.0  169.5   569.2
1964   19.4   23.9   71.9   62.9   29.5   94.3   30.7   27.9   14.6   37.2   35.4   42.6    59.5  164.3  152.8   87.3   490.3
1965   49.5   20.1   50.5   55.7   40.4   53.0   79.7   59.7   98.8   16.0   63.4  104.1   112.2  146.6  192.3  178.2   690.9
1966   29.6   63.7   14.8   61.8   39.8   69.2   79.2   73.9   26.2   78.9   67.0   74.9   197.4  116.4  222.3  172.1   679.1
1967   31.7   45.0   22.9   58.0   86.4   30.4   38.5   44.5   49.5   91.1   54.8   50.1   151.6  167.2  113.3  195.4   602.8
1968   45.9   32.1   23.5   41.3   42.7   68.0   83.9   87.9  121.7   49.3   43.5   51.5   128.1  107.5  239.9  214.6   691.4
1969   57.3   51.9   56.9   34.6   84.2   39.0   72.2   60.2    4.3    7.0   81.7   63.2   160.7  175.7  171.4   93.0   612.6
1970   61.9   55.7   44.8   66.7   18.8   27.8   43.2   39.0   42.6   26.7  138.9   47.3   180.8  130.3  110.0  208.2   613.4
1971   73.0   15.6   41.3   28.5   39.2   73.6   35.1   69.8   21.1   57.1   80.1   27.0   135.8  108.9  178.5  158.3   561.3
1972   61.7   34.6   41.1   41.5   38.3   35.5   48.5   23.2   38.5    7.2   57.2   48.3   123.4  120.8  107.2  103.0   475.6
1973   16.4   20.7   13.3   52.1   65.4   59.6   63.1   25.1   78.1   36.6   29.2   34.4    85.5  130.8  147.8  143.9   494.1
1974   45.0   57.4   26.3   11.3   19.0   52.3   44.8   84.4   90.7   99.6  107.6   32.3   136.8   56.7  181.6  297.9   670.9
1975   70.1   21.7   76.9   58.6   53.9   25.8   33.7   16.3   90.1   15.5   58.0   32.0   124.1  189.4   75.9  163.6   552.7
1976   37.8   18.2   13.5   13.7   29.6   11.5   32.8   41.7   85.7   98.0   68.6   59.6    88.0   56.8   86.0  252.3   510.7
1977   65.0   80.1   44.6   31.4   40.3   50.1    9.9   97.0   16.1   23.2   54.8   57.0   204.7  116.3  157.0   94.1   569.5
1978   72.8   45.8   59.3   44.1   48.9   66.2   60.5   47.0   32.9    6.2   22.8  103.8   175.6  152.3  173.8   61.8   610.3
1979   63.2   56.8   87.5   55.4   79.0   32.2   20.5   57.9   18.8   49.2   48.2   95.4   223.8  222.0  110.6  116.1   664.1
1980   38.6   46.1   61.0   23.3   15.2   82.9   64.7   49.5   27.2   81.0   49.4   43.3   180.1   99.5  197.2  157.5   582.2
1981   42.0   24.4   92.1   69.1   67.2   31.8   57.4   29.3   76.0   70.4   37.1   53.0   109.7  228.4  118.5  183.6   649.9
1982   37.3   19.3   53.1   13.2   58.2   97.8   24.3   53.2   50.1  122.4   71.8   54.3   109.6  124.5  175.4  244.3   655.0
1983   42.4   40.3   36.8   91.7   94.7   22.0   30.5   12.9   63.4   38.7   48.1   42.6   137.1  223.2   65.4  150.1   564.1
1984   83.2   36.6   46.3   12.7   73.5   50.7   24.1   41.5   92.8   54.5   76.0   44.7   162.4  132.5  116.3  223.4   636.7
1985   55.0   12.3   40.5   41.9   53.5  109.0   49.1   54.6   14.4   14.5   51.1   83.8   111.9  136.0  212.7   80.0   579.8
1986   64.1   16.8   52.9   59.0   54.1   20.9   53.7   85.1   28.2   70.8   62.4   68.9   164.7  166.1  159.7  161.4   636.9
1987   22.0   28.4   45.5   42.9   53.7   93.6   79.6   90.4   38.0  129.2   53.1   25.0   119.3  142.1  263.5  220.3   701.3
1988  116.8   32.1   74.6   31.2   45.5   37.4   92.9   40.6   40.7   56.7   34.6   22.1   173.9  151.3  170.9  132.0   625.2
1989   31.9   39.8   50.0   72.4    9.6   54.3   44.2   35.6   25.3   39.2   30.6  104.1    93.8  132.0  134.1   95.2   537.0
1990   54.0   77.9   15.2   39.5   14.5   43.1   18.2   32.6   32.3   51.0   56.5   47.6   236.0   69.2   93.9  139.8   482.4
1991   43.5   37.4   28.4   46.8   14.9   84.8   39.7   22.2   57.3   23.9   57.8   21.9   128.5   90.1  146.8  139.0   478.7
1992   38.9   16.5   63.7   48.8   52.0   33.9   80.4   76.4   83.4   75.1   87.8   39.9    77.3  164.5  190.7  246.3   696.7
1993   57.1   17.6   18.3   66.3   52.2   46.6   63.6   43.2  103.8   98.9   64.7   86.3   114.6  136.7  153.5  267.4   718.6
1994   71.5   40.7   51.6   52.2   52.4   27.8   32.8   60.1   74.7   75.7   25.5   56.2   198.5  156.2  120.7  175.9   621.2
1995  103.0   65.9   55.0   15.5   26.7   27.4   30.0    8.2  104.8   12.1   33.5   71.2   225.0   97.3   65.7  150.5   553.5
1996   32.1   50.0   20.3    9.5   22.2   14.1   42.9   82.0   17.9   42.1   95.0   33.4   153.2   51.9  139.0  154.9   461.3
1997   10.7   46.1   11.1   13.6   42.8  129.5   34.1   47.8   12.0   49.1   57.7   79.6    90.2   67.5  211.4  118.8   534.1
1998   61.6    6.9   50.4  117.8   15.6   96.4   33.0   34.3   76.5   93.3   59.1   68.7   148.1  183.8  163.7  228.9   713.5
1999   66.7   28.6   49.6   42.7   26.2   87.8   31.1   97.0   80.5   51.9   37.2   71.9   164.0  118.5  215.9  169.6   671.1
2000   21.4   59.5   16.5   93.3   92.1   17.3   60.3   39.5   81.1  124.8  109.5   63.5   152.7  201.9  117.1  315.4   778.8
2001   54.3   84.5   89.4   73.4   40.0   37.2   79.8   72.5   85.8   86.4   52.3   24.2   202.3  202.8  189.4  224.4   779.6
2002   45.6   56.9   35.7   32.6   58.1   34.2   69.0   55.3   30.7   84.9  105.9   99.5   126.7  126.4  158.6  221.4   708.4
2003   80.4   17.3   17.5   25.2   45.8   63.8   54.5    5.9   21.3   40.2   85.6   60.1   197.2   88.5  124.2  147.1   517.6
2004   84.0   37.6   33.1   58.5   44.7   39.4   70.4  116.3   29.6   88.8   45.4   29.7   181.6  136.3  226.1  163.8   677.3
2005   28.9   40.4   31.8   38.8   38.9   45.7   52.2   54.4   62.0   66.2   39.7   31.7    98.9  109.5  152.3  167.9   530.6
2006   15.6   38.1   37.9   34.3   81.2   20.1   29.6  107.2   57.3   66.5   66.8   55.4    85.4  153.3  156.9  190.7   610.0
2007   65.1   65.5   38.9    1.0  118.0   99.4   74.2   54.7   33.9   52.4   41.3   45.9   186.0  157.9  228.4  127.6   690.4
2008   70.8   18.7   83.1   45.7   68.2   43.1   54.5   80.6   51.6   60.5   81.0   27.2   135.4  196.9  178.3  193.1   684.9
2009   47.5   58.9   35.4   16.2   33.7   50.1   80.2   34.3   15.8   42.9  104.7   79.7   133.6   85.2  164.6  163.5   599.4
2010   49.5   82.4   34.1   15.1   25.6   30.4   30.1  121.6   59.1   60.6   51.1   25.7   211.5   74.8  182.1  170.7   585.1
2011   65.1   41.3    7.3    4.3   16.2   69.5   51.4   58.3   26.0   25.5   29.9   58.9   132.1   27.8  179.2   81.4   453.7
2012   42.0   17.9   34.1  112.7   48.3   98.8  107.4   47.8   40.5   88.2   74.5   97.9   118.8  195.1  253.9  203.2   810.0
2013   46.9   31.1   53.3   23.9   48.8   20.2   32.7   52.1   43.8   96.6   53.0   59.2   175.9  125.9  105.0  193.3   561.6
2014  102.3   73.4   21.7   19.5   93.1   37.6   59.3   95.8   18.8   79.5   87.9   50.3   234.9  134.4  192.7  186.3   739.3
2015   55.4   38.7   24.1   20.8   50.0   22.0   85.3   72.7   50.7   43.5   71.3   51.6   144.4   94.9  180.1  165.5   586.2
2016   69.1   28.8   65.0   56.0   46.8  100.3   27.9   27.9   45.3   34.3   68.1   20.3   149.5  167.8  156.2  147.7   589.9
2017   47.6   37.6   32.8   13.5   61.4   64.0   79.4   60.5   58.1   17.9   42.3   89.9   105.5  107.6  203.9  118.4   605.0
2018   54.1   40.3   70.9   66.7   38.4    6.5   21.1   64.3   30.7   55.7   50.2   62.7   184.2  176.0   91.9  136.6   561.4
2019   26.2   29.6   49.1   11.3   43.0   89.5   39.5   36.3   58.4   89.8                 118.4  103.4  165.3