England_SE_and_Central_S Rainfall (mm)
Areal series, starting from 1910
Allowances have been made for topographic, coastal and urban effects where relationships are found to exist.
Seasons: Winter=Dec-Feb, Spring=Mar-May, Summer=June-Aug, Autumn=Sept-Nov. (Winter: Year refers to Jan/Feb).
Values are ranked and displayed to 1 dp. Where values are equal, rankings are based in order of year descending.
Data are provisional from January 2018 and Winter 2018.  Last updated 05/11/2019.

Year    JAN    FEB    MAR    APR    MAY    JUN    JUL    AUG    SEP    OCT    NOV    DEC     WIN    SPR    SUM    AUT     ANN
1910   73.3  100.6   32.2   57.5   56.5   81.7   64.6   66.8   11.6   98.4  106.7  119.2     ---  146.2  213.1  216.7   869.2
1911   36.4   43.0   58.0   45.1   37.4   53.8    9.3   27.2   34.1  105.7  117.8  180.6   198.6  140.6   90.4  257.6   748.5
1912   96.3   63.1  108.8    2.3   35.5   93.4   52.6  156.0   68.7   93.5   56.3  102.2   340.1  146.5  302.0  218.5   928.7
1913  110.9   28.8   76.6   80.6   52.5   16.6   51.9   44.6   61.7  112.8   85.7   42.3   242.0  209.7  113.1  260.2   765.1
1914   20.1  101.1  126.5   33.6   35.5   32.6   66.3   44.9   30.0   63.4  101.5  204.9   163.6  195.6  143.8  194.9   860.5
1915  105.6  126.6   24.4   33.5   90.9   25.9  106.4   54.5   64.9   85.8   73.5  182.2   437.1  148.8  186.9  224.2   974.2
1916   36.8  123.4  103.3   29.2   50.3   59.6   30.3   90.1   44.8  127.3  120.6   96.4   342.4  182.8  180.0  292.8   912.1
1917   38.0   26.5   58.4   53.8   50.9   71.5  102.9  142.3   43.8  111.2   31.8   44.3   160.8  163.1  316.7  186.9   775.4
1918   89.9   33.0   27.2   71.2   45.0   26.8  123.0   42.4  147.8   48.4   64.4   66.9   167.2  143.4  192.2  260.6   786.0
1919  118.2   67.6  112.9   68.3   11.3   25.2   54.2   70.4   42.6   25.2   59.0  131.6   252.7  192.4  149.8  126.9   786.5
1920   90.9   18.3   47.6   88.2   34.8   50.8  127.4   39.5   64.1   54.9   39.9   74.7   240.8  170.6  217.7  158.9   731.1
1921   75.3   11.5   36.2   27.5   39.5    4.6    9.6   43.4   32.5   26.3   52.4   47.5   161.5  103.1   57.6  111.2   406.2
1922   97.2   70.8   57.5   83.5   23.7   35.7   95.8   79.0   54.6   33.0   44.3   97.2   215.5  164.8  210.6  131.8   772.4
1923   42.1  121.6   57.0   68.5   64.2   12.6   41.4   59.5   56.0  153.3   50.2   81.3   260.9  189.7  113.4  259.4   807.5
1924   76.5   14.6   34.5   82.1  102.0   63.0  103.1   76.4   99.5  112.8   76.0  117.9   172.4  218.6  242.5  288.3   958.4
1925   80.2  112.4   18.3   66.2   83.1    3.3   94.4   72.5   76.3   93.6   70.5   94.8   310.5  167.5  170.1  240.3   865.5
1926  101.1   62.4   13.1   92.1   54.3   74.7   50.7   40.9   23.4   73.9  172.6   14.2   258.4  159.5  166.2  269.9   773.3
1927   65.8  108.0   85.5   48.7   25.6   87.4   87.6  104.9  138.8   51.1   84.2  108.2   188.0  159.7  279.9  274.0   995.6
1928  117.4   48.2   59.7   52.6   45.7   64.5   47.8   60.4   28.3  151.5   84.3   80.8   273.8  157.9  172.7  264.1   841.1
1929   34.7   21.9    2.9   25.5   49.2   38.0   42.0   50.2   13.4  104.7  189.3  178.2   137.5   77.6  130.3  307.4   750.0
1930  101.7   28.0   40.0   54.0   62.5   22.1   63.5   87.3   88.3   49.6  132.1   79.7   307.9  156.5  173.0  270.0   808.9
1931   55.2   56.9   12.5   85.9   73.3   51.0   90.0  106.1   51.9   16.4  101.6   21.8   191.8  171.7  247.1  169.9   722.6
1932   70.5    7.2   43.6   69.8  107.6   36.9   83.6   30.0   73.2  154.7   40.6   23.1    99.5  221.0  150.4  268.5   740.8
1933   57.4   85.2   77.7   28.9   52.6   48.5   51.0   21.8   84.2   53.1   27.3   16.5   165.7  159.2  121.3  164.6   604.1
1934   63.9    4.1   72.1   58.1   19.7   36.1   40.6   64.0   49.9   48.1   69.9  196.4    84.5  150.0  140.7  167.9   723.0
1935   26.4   91.8   15.6   93.4   35.7   89.0   23.4   80.0  113.0  111.9  161.6   99.0   314.6  144.7  192.5  386.5   940.9
1936  123.6   60.8   48.7   49.3   14.2   82.4  105.8   18.1   75.3   48.2  101.9   74.7   283.5  112.2  206.4  225.4   803.1
1937  144.5  130.0  101.1   68.0   69.8   40.6   34.9   37.8   59.1   90.0   44.7  106.5   349.2  239.0  113.4  193.8   927.1
1938   88.7   20.6   10.0    6.0   52.3   20.7   54.8   58.0   57.1   90.5  102.5   95.4   215.7   68.3  133.5  250.1   656.5
1939  138.2   38.5   37.9   69.0   37.0   43.5   91.8   60.6   28.3  161.1  148.6   45.1   272.1  143.9  195.9  338.1   899.7
1940   69.1   68.2   76.1   41.0   29.5   16.5   76.9    3.0   40.6   97.5  197.0   49.6   182.3  146.6   96.5  335.1   765.0
1941   79.2   73.7   79.7   42.6   49.4   47.5   74.4  115.0   12.1   34.7   80.3   50.5   202.4  171.7  236.8  127.1   738.9
1942   80.8   18.8   62.7   39.2   87.8    9.6   51.7   78.7   52.7   99.7   47.8   92.9   150.1  189.7  139.9  200.2   722.4
1943  146.6   38.3   14.1   28.6   68.2   37.1   53.0   44.4   46.6   84.6   45.8   53.6   277.8  111.0  134.5  177.0   661.0
1944   51.3   23.6    5.3   39.4   16.7   46.6   63.5   62.1   62.9  116.3  130.1   59.7   128.5   61.4  172.2  309.2   677.3
1945   50.3   52.6   28.0   28.6   56.3   60.0   76.0   49.6   52.8   84.9   11.7  103.5   162.6  112.8  185.6  149.5   654.3
1946   63.3   72.6   32.9   58.3   87.9   75.0   49.0  125.3  102.1   33.5  136.5   78.4   239.4  179.1  249.3  272.1   914.9
1947   62.5   43.5  151.9   54.0   39.6   55.4   51.0   11.8   34.7   15.8   39.0   73.9   184.4  245.6  118.1   89.4   633.0
1948  131.9   37.5   24.1   41.0   74.9   63.8   32.7   97.1   57.9   57.5   46.5  103.5   243.3  140.0  193.6  161.9   768.4
1949   30.8   34.2   32.0   42.9   54.5   15.9   24.9   37.5   50.9  189.5   88.4   44.9   168.5  129.4   78.3  328.7   646.3
1950   24.1  127.8   32.8   65.7   43.3   34.5   99.6   83.6   85.0   18.6  154.2   54.4   196.8  141.8  217.7  257.9   823.7
1951   89.1  154.6   99.2   71.0   63.9   32.7   47.9  120.2   87.2   32.5  174.3   70.6   298.1  234.1  200.9  294.0  1043.3
1952   64.2   22.0   78.7   42.5   64.3   37.5   16.7   89.3   88.7   95.9  102.1   75.4   156.8  185.5  143.5  286.8   777.4
1953   26.9   40.7   11.8   60.2   49.8   49.9   88.5   54.3   80.9   89.3   42.9   21.3   143.1  121.8  192.7  213.0   616.5
1954   43.1   69.5   77.1    8.5   57.8   90.1   78.9   85.4   66.3   65.8  146.2   64.0   133.9  143.4  254.3  278.3   852.6
1955   85.2   45.2   34.9   10.8  108.6   65.2   24.2   29.8   47.7   95.9   49.7   87.7   194.4  154.2  119.2  193.3   684.9
1956  119.9   12.6   19.3   37.3   11.0   59.9   85.4  101.4   81.7   45.3   20.0  109.5   220.2   67.5  246.7  146.9   703.1
1957   57.2  101.4   43.2    6.8   36.7   37.0  101.1   71.7   82.9   51.8   73.6   64.8   268.2   86.7  209.8  208.3   728.3
1958   88.7   73.0   41.9   27.9   62.1  100.4   55.4  100.0  109.4   83.4   60.5   96.2   226.5  131.9  255.8  253.3   898.9
1959   88.6    3.5   70.4   67.5   23.4   29.2   52.9   44.1    3.7   74.1   98.1  167.6   188.4  161.3  126.2  176.0   723.2
1960   88.1   66.5   47.6   26.3   44.0   57.9   92.6  108.3  101.5  194.1  138.0  103.4   322.2  117.9  258.8  433.6  1068.4
1961  107.7   66.8    2.9   84.7   30.2   32.5   40.8   39.8   72.6   97.4   61.2   99.5   277.9  117.8  113.1  231.3   736.2
1962  105.8   14.6   40.0   49.7   50.7    7.1   48.8   83.5   85.5   43.3   79.0   69.8   219.9  140.5  139.3  207.8   677.8
1963   19.6   22.0  101.6   79.7   45.2   70.0   39.9   87.5   68.0   52.7  153.8   23.8   111.4  226.5  197.4  274.6   763.9
1964   21.7   30.0   94.5   73.0   71.5   89.4   27.2   30.1   20.5   51.7   58.2   70.3    75.5  239.0  146.7  130.3   638.0
1965   77.7   10.0   64.3   44.0   47.7   57.8   82.4   66.1  119.1   18.1   90.1  128.8   158.0  156.0  206.3  227.3   806.1
1966   47.7  113.0   17.6   98.2   55.3   67.9   82.3   85.4   35.3  152.2   62.3   83.6   289.6  171.1  235.6  249.8   900.8
1967   67.8   77.4   55.5   50.9  116.0   44.7   30.2   60.4   85.3  138.8   59.8   65.7   228.7  222.4  135.3  283.8   852.4
1968   65.0   50.1   29.2   65.5   62.2   75.7   73.2   67.2  156.6   85.4   47.3   82.9   180.9  156.9  216.1  289.2   860.3
1969   90.1   48.5   64.9   27.3   85.2   34.2   68.3   73.6   23.0    6.1  117.9   75.5   221.5  177.4  176.1  147.0   714.5
1970  102.6   59.8   51.4   62.6   26.1   31.0   57.9   62.5   72.3   19.8  187.2   43.0   237.9  140.2  151.4  279.2   776.2
1971  106.5   24.5   66.1   53.6   51.4  136.2   25.6   73.4   14.1   62.4   63.6   26.2   174.0  171.1  235.2  140.0   703.6
1972   84.1   71.6   67.7   61.6   57.9   44.2   38.2   24.9   36.2   27.7   78.7  107.4   181.9  187.2  107.3  142.5   700.1
1973   31.8   24.8   17.7   53.9   70.8   64.7   50.0   40.1   81.9   38.7   31.9   52.9   164.0  142.4  154.8  152.5   559.1
1974  108.7  113.3   35.5   15.2   29.7   75.5   51.3   88.2  167.8   72.8  152.2   52.9   274.8   80.4  215.0  392.8   963.0
1975  127.3   28.1   95.5   48.9   54.5   12.2   36.7   40.0  134.1   30.6   71.4   33.3   208.2  198.9   88.9  236.1   712.5
1976   18.3   32.0   21.8   10.6   24.9   14.4   30.8   18.1  131.6  145.3  124.7   93.2    83.6   57.3   63.3  401.7   665.8
1977   87.3  103.3   75.2   33.6   48.3   68.7   21.9  118.0   23.6   52.7   83.9   96.2   283.8  157.1  208.5  160.2   812.7
1978  102.3   61.9   66.6   56.7   54.5   41.5   77.7   41.9   20.6    6.1   22.6  159.3   260.4  177.8  161.1   49.2   711.6
1979   75.6   60.6  114.5   60.8  105.6   43.4   34.2   67.2   20.1   62.0   59.4  131.6   295.5  280.8  144.7  141.5   834.7
1980   53.4   61.8   85.1   19.8   26.2  103.9   76.3   65.1   56.4  109.4   50.7   48.2   246.7  131.0  245.3  216.5   756.2
1981   33.9   28.1  133.9   41.0   92.0   42.8   48.1   32.2  134.1   97.8   43.0   95.9   110.2  267.0  123.2  274.9   822.8
1982   47.5   39.2   81.0   19.4   45.8   84.1   31.9   56.5   65.7  152.4  109.5   93.1   182.5  146.2  172.5  327.6   826.1
1983   71.4   34.6   44.3  101.1   97.4   39.1   28.8   22.1   68.3   60.0   43.9   83.7   199.1  242.8   90.0  172.3   694.9
1984  132.7   39.1   73.6    4.5   81.6   28.5   29.9   31.4   78.8   97.8  115.4   92.7   255.5  159.7   89.8  292.0   806.0
1985   66.8   33.8   56.2   45.5   56.1   87.7   52.2  102.5   18.6   29.5   58.0  120.0   193.3  157.8  242.3  106.1   726.8
1986  120.7   15.5   64.8   66.0   64.1   21.5   43.6   92.5   35.4   84.8  116.2   97.5   256.1  194.9  157.5  236.4   822.5
1987   20.0   43.1   71.6   55.7   42.9   85.1   74.9   45.8   42.4  186.5   72.4   33.0   160.6  170.2  205.8  301.3   773.4
1988  158.2   49.9   78.3   37.3   42.6   27.1   87.2   53.1   45.7   81.7   30.4   17.7   241.2  158.2  167.3  157.8   709.2
1989   32.9   69.4   75.2   78.3   12.1   39.5   29.3   35.8   33.6   76.3   45.7  145.5   120.1  165.6  104.6  155.6   673.7
1990  113.3  134.6    8.3   42.9    9.5   55.7   15.1   34.0   36.6   85.9   50.2   68.0   393.4   60.6  104.8  172.7   654.0
1991   95.2   38.9   56.9   59.7   14.6  112.3   82.8   16.3   51.6   48.8   73.7   21.2   202.1  131.1  211.4  174.0   671.8
1992   20.8   31.1   56.0   76.4   34.1   34.8   73.2  107.9   78.1   76.2  135.2   72.7    73.1  166.5  215.9  289.5   796.6
1993   92.7    7.5   30.0   85.8   58.9   53.7   58.0   34.2  112.6  125.0   54.1  135.1   172.9  174.7  145.9  291.7   847.6
1994  114.7   64.1   56.8   66.7   84.6   32.5   25.6   61.7   84.5  105.5   62.7  113.7   313.9  208.1  119.9  252.7   873.1
1995  156.0  100.1   54.3   19.4   29.4   17.7   31.9    4.9  129.1   35.8   70.6   95.5   369.7  103.1   54.6  235.6   744.9
1996   61.3   66.8   42.1   30.0   45.5   16.9   34.3   73.0   28.5   55.0  132.5   27.8   223.6  117.7  124.2  215.9   613.7
1997   15.7   89.0   16.7   11.9   48.1  111.7   28.1   92.2   11.5   74.5  125.4   96.4   132.5   76.6  232.0  211.4   721.0
1998  105.3    9.4   67.6  104.8   25.9  101.7   35.0   20.7  105.3  140.2   61.7   85.5   211.1  198.3  157.4  307.2   863.1
1999  113.6   31.7   36.9   56.8   35.9   74.2   14.4  105.3  124.0   67.4   41.9  132.9   230.8  129.6  193.9  233.2   834.9
2000   27.0   80.1   22.2  145.3   99.1   20.3   56.1   46.0  107.1  196.9  170.4  133.8   240.0  266.6  122.4  474.4  1104.3
2001   99.3   99.6  121.7   78.6   32.2   23.4   55.3   79.7   71.8  132.8   40.7   25.8   332.7  232.5  158.4  245.2   860.8
2002   85.4  101.7   46.5   43.3   92.2   59.0   73.4   47.3   40.3   92.6  183.5  140.0   212.9  181.9  179.7  316.4  1005.1
2003   86.8   32.4   25.1   36.1   45.4   46.8   58.3   18.1   12.3   51.0  144.3   85.3   259.1  106.6  123.2  207.6   641.8
2004  104.1   32.5   43.6   76.8   51.8   33.3   53.3  102.7   35.1  129.6   34.8   59.3   221.9  172.2  189.3  199.5   756.9
2005   39.3   24.9   51.4   50.2   33.1   34.5   61.6   55.1   40.4   98.0   54.3   69.3   123.4  134.6  151.3  192.7   612.0
2006   23.4   57.7   58.6   39.0   96.0   21.0   39.5   62.1   70.6  118.0   96.7  105.9   150.4  193.5  122.5  285.4   788.4
2007   79.7  103.6   55.6    2.5  103.8  102.4  120.1   53.5   30.6   45.7   81.1   66.5   289.3  161.9  276.0  157.4   845.2
2008  108.3   26.5   92.6   62.4   86.5   43.6   76.3   75.1   72.1   65.5   97.9   44.4   201.2  241.4  195.0  235.5   851.1
2009   89.9   67.2   38.4   40.4   36.1   33.6   84.4   36.2   27.7   65.6  189.2  113.1   201.5  114.9  154.2  282.5   821.7
2010   72.8   98.4   59.0   22.6   30.2   32.9   26.1  100.1   50.9   78.4   76.3   42.2   284.3  111.8  159.1  205.5   689.9
2011   99.5   58.7   15.9    3.7   27.0   82.3   49.1   78.0   40.3   36.1   45.4   93.8   200.4   46.6  209.5  121.8   629.8
2012   48.6   19.2   26.7  133.4   42.5  137.9  103.6   55.9   67.0  125.2  101.7  142.4   161.6  202.5  297.3  293.9  1004.0
2013   81.4   38.1   70.3   41.8   56.2   22.8   31.9   38.9   52.6  138.7   71.8  161.4   261.9  168.2   93.6  263.0   805.7
2014  205.2  147.7   37.9   75.1   74.1   37.8   46.2  102.0   14.8  111.4  135.6   53.9   514.3  187.0  186.0  261.9  1041.7
2015   96.6   58.9   23.5   18.6   62.9   26.7   60.0  108.6   67.9   58.1   78.0   80.4   209.3  105.0  195.2  204.0   740.1
2016  131.8   54.2   80.2   51.2   64.1   91.3   17.4   38.8   50.9   29.8  100.6   17.4   266.5  195.6  147.6  181.3   728.0
2017   81.5   50.1   41.7    8.5   68.4   53.6   95.8   71.1   70.9   29.8   48.6  106.5   149.1  118.7  220.5  149.3   726.6
2018   82.0   40.9  102.5   80.7   56.4    3.0   30.9   68.2   40.1   55.2  114.6  101.8   229.4  239.6  102.2  209.9   776.3
2019   33.8   56.3   65.8   28.4   33.0   92.3   42.7   50.5   83.3  121.1                 191.9  127.2  185.5
