England_E_and_NE Rainfall (mm)
Areal series, starting from 1910
Allowances have been made for topographic, coastal and urban effects where relationships are found to exist.
Seasons: Winter=Dec-Feb, Spring=Mar-May, Summer=June-Aug, Autumn=Sept-Nov. (Winter: Year refers to Jan/Feb).
Values are ranked and displayed to 1 dp. Where values are equal, rankings are based in order of year descending.
Data are provisional from January 2018 and Winter 2018.  Last updated 05/11/2019.

Year    JAN    FEB    MAR    APR    MAY    JUN    JUL    AUG    SEP    OCT    NOV    DEC     WIN    SPR    SUM    AUT     ANN
1910   73.2   80.2   22.6   62.9   64.9   49.1   81.1   97.2   16.5   74.8   87.5   82.4     ---  150.4  227.4  178.7   792.4
1911   45.5   43.9   57.7   35.9   29.4  100.4   18.1   63.2   63.0   73.8   99.2  113.6   171.8  122.9  181.7  236.0   743.5
1912   85.7   51.1   74.5    6.0   69.2  128.9  101.5  135.5   54.3   77.7   70.3   68.2   250.4  149.7  365.8  202.2   922.7
1913   94.4   26.7   90.2   74.4   60.5   34.9   23.0   32.4   57.7   83.2   58.6   40.8   189.3  225.1   90.3  199.5   676.7
1914   50.2   47.6   64.6   21.8   43.7   72.2   81.5   47.7   37.4   60.1   92.7  146.8   138.6  130.1  201.3  190.2   766.2
1915   77.9   91.7   43.1   23.3   46.0   17.1  119.3   77.5   35.6   37.6   60.0  153.4   316.4  112.4  213.8  133.2   782.5
1916   40.9   99.9  105.2   43.1   74.7   62.1   64.6   80.0   45.3   93.6   96.2   84.3   294.2  222.9  206.8  235.0   889.8
1917   89.4   24.9   52.7   60.7   47.2   42.5   36.0  170.7   33.3   86.3   47.2   50.6   198.5  160.5  249.2  166.7   741.3
1918   64.7   53.5   29.8   39.2   59.8   18.2   94.8   58.0  141.7   63.0   45.1   91.8   168.9  128.7  171.1  249.8   759.5
1919   93.5   54.6   83.8   48.1   26.1   28.3   57.6   69.5   39.7  107.3   88.6  100.0   239.8  158.1  155.4  235.6   797.2
1920   79.5   40.1   77.3   97.1   81.3   34.7  110.0   44.2   43.4   56.9   32.2   90.3   219.7  255.7  188.9  132.6   787.2
1921   98.5    6.7   37.4   29.2   45.7   12.3   35.8  114.8   27.7   52.3   56.7   64.0   195.5  112.3  162.9  136.8   581.1
1922   85.4   70.6   54.0   55.6   30.9   37.5  121.5   76.4   83.0   41.3   32.8   96.5   220.0  140.5  235.4  157.1   785.5
1923   45.1  111.3   43.2   47.6   68.0   22.4   72.9   97.9   67.2   69.0   97.9   78.5   252.8  158.8  193.2  234.2   821.0
1924   59.9   29.0   28.9   44.7  113.0   50.1   96.0   67.6   74.1  106.0   44.3   80.1   167.4  186.6  213.7  224.3   793.7
1925   53.6   90.2   44.4   71.8   87.2    4.2   40.0   70.2   83.5   72.5   68.7   91.8   223.9  203.3  114.4  224.8   778.1
1926   78.8   57.5   24.4   43.4   62.7   92.5   73.2   68.9   56.4   84.4  104.6   23.1   228.1  130.5  234.6  245.5   770.0
1927   56.1   35.5   59.0   56.0   39.0   84.6   90.4  142.8  119.8   63.4   85.1   74.1   114.8  154.1  317.8  268.3   906.0
1928  116.6   50.9   75.2   28.1   39.6  105.7   33.1  101.9   19.9  106.6   84.8   52.6   241.6  142.9  240.7  211.3   815.0
1929   52.0   26.2    6.3   32.0   34.8   40.4   65.8   68.3   23.2   77.6  104.6  130.9   130.8   73.1  174.6  205.5   662.2
1930   94.3   33.2   62.3   69.1   40.6   38.7  138.2  104.8   95.2   64.8   97.4   68.6   258.3  172.0  281.8  257.4   907.1
1931   67.1   60.5   27.5   86.7   71.6   99.7  108.4  101.4   85.5   36.6   88.6   37.2   196.1  185.7  309.5  210.6   870.5
1932   46.7   19.8   58.3   61.2  116.1   25.7   94.1   50.1   74.7  108.0   40.9   36.7   103.7  235.7  170.0  223.6   732.5
1933   51.1   95.3   52.2   34.5   54.8   49.3   50.2   23.0   51.3  108.7   77.7   26.4   183.1  141.5  122.5  237.7   674.4
1934   53.7   22.0   73.1   83.0   35.4   45.9   56.1   70.1   48.0   79.3   64.9  116.1   102.1  191.5  172.0  192.2   747.5
1935   58.2   82.2   22.3   74.6   20.8   70.6   17.1   56.4  116.5  111.7  117.2   62.9   256.4  117.7  144.2  345.5   810.7
1936  106.0   77.8   46.7   41.9   41.6   89.1   99.9   48.1   76.6   56.3   80.4   54.9   246.8  130.1  237.1  213.3   819.3
1937   92.7   91.0   81.5   73.2   87.5   37.7   65.4   41.1   42.3   64.1   47.9  111.0   238.6  242.2  144.2  154.3   835.4
1938   75.2   32.4   13.2    6.4   77.9   62.7   80.3   71.8   57.6  108.2   83.3  108.5   218.7   97.5  214.8  249.2   777.6
1939  125.4   38.1   72.0   41.3   33.6   67.1   92.8   66.4   37.3  117.8   96.1   49.3   272.1  146.9  226.3  251.2   837.3
1940   52.5   52.4   62.8   41.7   32.0   19.6  156.5   25.8   43.0   90.4  107.3   65.2   154.2  136.5  201.9  240.6   749.2
1941   83.8  113.0   79.7   34.5   46.8   18.0   68.7   84.8   17.2   96.0   82.5   20.9   262.0  161.1  171.5  195.7   746.1
1942   83.4   45.1   39.2   27.9   66.1   31.8   73.4   64.1   61.3   64.8   34.6   59.7   149.5  133.3  169.2  160.7   651.4
1943  101.9   27.0   20.9   33.9   76.5   55.0   37.5   89.8   82.8   56.0   67.0   34.3   188.6  131.3  182.3  205.8   682.6
1944   57.0   56.5   13.8   56.6   43.2   62.3   69.7   72.0  133.2   80.5  130.9   54.4   147.9  113.5  204.1  344.6   830.1
1945  107.8   59.1   20.6   45.4   73.1   66.1   45.6   81.4   48.1   88.7   22.0   46.8   221.3  139.1  193.1  158.8   704.7
1946   54.6   49.2   36.6   36.8   50.2   65.0   86.7  109.8  105.3   35.6  139.3   74.3   150.6  123.6  261.4  280.2   843.2
1947   65.0   72.6  123.6   82.8   42.9   71.9   66.1    7.0   41.8   17.8   62.2   58.2   212.0  249.3  145.0  121.8   711.8
1948  166.4   38.9   27.2   45.8   46.9  104.6   34.6  111.0   65.4   47.1   38.2   69.9   263.5  119.9  250.1  150.7   795.9
1949   32.0   29.8   30.0   53.9   38.2   22.2   60.9   55.8   33.4   95.3   96.8   79.2   131.6  122.1  138.9  225.5   627.3
1950   41.4  107.1   27.5   66.2   52.3   41.0   78.7  104.2  100.7   37.7  129.5   66.5   227.7  146.0  223.9  267.8   852.8
1951   63.5   76.4   91.4   48.7   99.5   33.2   44.5  127.0   40.0   34.1  151.7   73.9   206.4  239.6  204.6  225.7   883.8
1952   60.2   17.5   55.5   38.6   43.6   48.5   35.6   67.6   95.4   80.8   79.3   69.4   151.6  137.6  151.8  255.5   691.9
1953   27.0   51.1   13.1   68.1   57.7   68.9   68.3   84.5   51.4   50.3   55.2   33.4   147.5  139.0  221.6  156.8   628.9
1954   60.6   59.6   49.3   11.9   89.0   58.0   60.2  140.1   73.6  117.7  121.6   73.6   153.6  150.2  258.4  313.0   915.3
1955   57.8   65.1   55.2   25.5   71.5   63.6   28.5   22.9   34.7   51.9   43.3   87.4   196.5  152.2  115.1  129.9   607.5
1956  108.6   54.9   27.8   32.5   19.6   79.8   91.6  173.3   60.5   43.2   28.4   66.1   250.9   79.8  344.7  132.1   786.2
1957   57.2   68.6   44.1   11.4   40.8   49.2   93.0  102.0   95.8   57.2   52.1   62.3   191.9   96.3  244.2  205.0   733.7
1958   63.7  104.5   62.7   34.6   78.8   93.1   99.8   73.0   65.6   50.2   22.2   94.9   230.5  176.1  265.8  138.1   843.2
1959   69.8   11.1   36.8   61.8   14.2   44.2   51.6   16.2   13.9   54.1  105.2  112.1   175.8  112.8  112.0  173.2   590.9
1960  125.5   64.9   43.6   30.2   35.0   20.8  107.2   86.6   69.4  166.1  104.1   87.9   302.5  108.7  214.6  339.6   941.3
1961   97.5   43.9   19.8   67.5   38.8   39.4   74.8   77.6   55.0   91.6   43.7   72.9   229.4  126.1  191.8  190.3   722.7
1962   68.7   34.3   32.3   60.7   61.2   15.3   52.1   96.4   84.0   18.9   62.4   54.5   176.0  154.2  163.9  165.4   640.9
1963   45.2   38.1   63.8   54.2   38.9   80.5   49.3  116.5   53.3   41.5  123.5   30.6   137.8  156.9  246.3  218.3   735.5
1964   25.5   25.4   89.2   50.8   27.9   65.9   38.6   57.9   30.8   31.7   31.9   66.7    81.5  167.9  162.4   94.5   542.4
1965   75.1   28.9   56.7   64.5   55.4   48.9   79.9   65.7  132.9   30.6  131.9   95.9   170.7  176.6  194.5  295.3   866.4
1966   46.8  113.3   25.3   84.9   56.7   77.9   65.4  112.5   41.6   88.5   71.0   72.4   256.0  166.9  255.8  201.2   856.4
1967   38.7   72.4   42.2   42.1  125.4   36.9   61.0   80.5   64.1  117.7   79.9   49.6   183.5  209.6  178.4  261.8   810.4
1968   45.5   41.9   59.6   51.8   59.8   61.3  101.7   58.5  118.6   73.5   76.5   71.6   137.0  171.2  221.5  268.6   820.3
1969   74.7   66.2   74.7   66.4   85.4   70.1   53.2   47.7   50.3   16.8  124.9   65.5   212.5  226.5  171.0  192.0   795.8
1970   82.4   58.6   47.4   73.6   16.5   29.2   75.9   63.6   37.2   51.0  108.4   57.2   206.5  137.6  168.8  196.5   701.1
1971   64.6   24.1   61.7   50.9   42.5   61.4   43.8  115.9   19.7   40.0   74.7   29.7   145.9  155.1  221.1  134.4   628.9
1972   93.0   53.8   64.1   47.8   61.1   68.4   47.4   24.6   34.4   17.2   73.4   56.0   176.5  173.0  140.5  125.0   641.3
1973   33.0   23.2   14.9   65.5   66.3   55.7  102.0   58.8   60.0   46.4   27.3   50.2   112.1  146.7  216.4  133.7   603.2
1974   78.2   59.6   45.8   18.8   24.4   44.8   73.3   66.4   78.8  101.2   80.6   60.6   188.1   89.0  184.5  260.6   732.5
1975   72.1   23.5   62.8   64.6   49.4   27.7   59.6   54.2   64.6   26.8   49.5   45.9   156.2  176.7  141.5  140.9   600.7
1976   64.9   27.1   34.9   24.5   82.2   11.4   24.3   19.1  156.0  138.1   37.7   71.5   137.9  141.7   54.8  331.8   691.8
1977   95.3   99.8   58.4   43.0   50.6   75.4   19.0   62.0   28.3   46.7   84.6   69.3   266.7  152.1  156.5  159.7   732.7
1978   97.9   75.5   52.7   42.2   44.0   57.6   75.7   77.7   56.2   20.5   43.7  175.7   242.7  138.9  211.0  120.4   819.5
1979   61.0   47.5  116.9   48.0  109.4   32.5   31.9   85.4   35.8   64.6   75.8  121.7   284.2  274.3  149.8  176.2   830.5
1980   77.2   71.0   90.2   12.3   26.4  123.4   49.6  101.8   36.7  102.6   80.8   54.9   269.9  129.0  274.7  220.1   826.8
1981   40.1   47.6  122.8   70.5   58.9   36.5   54.8   42.6  102.9   92.0   59.2   57.8   142.6  252.1  134.0  254.1   785.7
1982   69.0   23.5   69.9   13.5   35.4  128.7   27.5   73.8   54.3   83.6   85.4   67.7   150.3  118.8  230.0  223.3   732.3
1983   59.8   46.0   59.0   98.3   97.6   33.9   37.5   25.3   77.9   56.2   38.7  105.1   173.6  254.9   96.8  172.9   735.5
1984  111.3   41.4   70.0   13.6   43.1   42.9   22.4   59.2  100.9   58.2  128.8   42.0   257.8  126.7  124.5  287.9   733.7
1985   78.3    7.9   65.2   61.1   71.1   61.1   77.3   93.3   51.8   31.9   78.7   83.6   128.2  197.4  231.6  162.4   761.3
1986   83.5   37.1   55.9   92.7   87.2   35.4   39.5  118.3   21.0   58.4   66.5  105.7   204.3  235.8  193.2  145.9   801.3
1987   42.5   47.6   82.3   59.9   41.9   93.4   72.4   80.7   57.9  113.4   61.6   47.0   195.8  184.1  246.5  233.0   800.6
1988  101.0   53.3   74.2   31.4   54.0   31.1  129.5   63.0   45.9   76.8   57.2   34.4   201.2  159.6  223.6  179.9   751.7
1989   25.0   55.5   57.7   63.1   16.7   56.2   28.7   49.8   22.8   60.1   37.7   79.5   114.9  137.5  134.7  120.5   552.7
1990   83.9   97.0   20.0   20.8   35.5   69.4   29.8   44.4   40.9   72.9   53.5   98.5   260.3   76.3  143.5  167.3   666.5
1991   62.7   82.7   57.5   38.0   16.0   62.0   36.4   23.0   47.5   54.6   76.0   49.6   243.8  111.5  121.4  178.1   605.9
1992   38.0   34.1   82.3   68.1   27.8   26.5   81.2   87.7   90.2   72.8   84.2   59.6   121.7  178.2  195.4  247.1   752.5
1993   75.7   17.2   16.9   99.8   79.4   41.4   58.9   69.0  111.7   75.0   67.3  101.3   152.5  196.1  169.4  253.9   813.5
1994   95.7   60.0   60.4   52.4   37.0   26.6   49.0   59.5   86.5   63.4   68.9   95.9   257.0  149.8  135.2  218.9   755.5
1995  104.4   78.9   50.6   25.9   42.8   25.0   24.7    8.5   97.0   33.1   80.0   69.9   279.2  119.3   58.3  210.1   640.8
1996   41.1   69.8   24.6   39.0   41.9   24.0   40.6   63.9   23.0   53.7   97.0   79.7   180.9  105.6  128.5  173.7   598.5
1997   15.0   84.3   23.6   17.5   60.4  144.2   61.2   64.1   23.0   43.2   72.9   95.4   179.1  101.5  269.5  139.0   704.7
1998   93.6   14.7   68.8  118.9   52.8  105.8   58.6   47.0   57.7  114.2   71.2   59.3   203.7  240.5  211.4  243.0   862.6
1999   94.3   32.6   89.5   56.4   53.8   81.7   22.1   82.8   76.7   66.2   53.3   92.2   186.2  199.6  186.6  196.2   801.7
2000   47.5   53.0   30.6  135.0   72.3   57.4   56.3   58.9  109.8  119.0  147.1   85.9   192.8  237.8  172.6  375.8   972.6
2001   44.0   96.2   52.4   87.7   25.7   56.4   59.0   78.6   94.4   92.0   50.9   48.9   226.1  165.8  194.0  237.2   786.1
2002   58.1  104.6   40.1   31.9   62.4   54.1   92.2   88.6   31.1  123.9  107.0  109.1   211.6  134.4  234.9  262.0   903.0
2003   82.8   24.3   27.9   31.7   67.5   84.1   53.1   17.4   43.8   46.6   58.5   77.1   216.2  127.1  154.6  148.9   614.7
2004  106.9   52.4   41.9   84.0   30.1   73.3   81.4  166.6   35.9  126.4   35.4   37.9   236.4  155.9  321.4  197.7   872.3
2005   61.7   61.5   48.0   77.9   43.6   50.0   77.9   63.0   62.0   89.3   71.9   45.6   161.1  169.5  190.9  223.3   752.4
2006   29.1   49.5   85.9   38.7   96.2   18.7   30.3  107.7   73.2   82.9   67.1   88.7   124.2  220.8  156.6  223.2   767.9
2007   84.3   71.7   39.3   10.0   77.1  181.8  113.6   43.2   40.2   31.0   61.0   71.8   244.7  126.3  338.6  132.2   825.0
2008  137.1   33.3   75.8   77.3   25.5   75.9  106.2  111.0  108.2   74.2   67.3   59.7   242.2  178.5  293.0  249.7   951.5
2009   61.8   49.6   31.3   29.6   51.9   55.4  133.5   62.3   31.4   61.8  147.5   87.4   171.2  112.8  251.2  240.7   803.6
2010   69.5   71.7   65.1   21.4   22.1   42.7   61.1   76.6   83.9   65.0  118.2   40.7   228.7  108.6  180.5  267.2   738.3
2011   54.5   82.0   20.5   10.3   48.5   62.9   71.7   94.1   43.2   62.1   35.6   76.2   177.2   79.4  228.7  140.9   661.7
2012   47.2   24.2   21.9  140.9   62.3  141.5   96.3   87.6   95.3   86.4  111.8  127.7   147.6  225.1  325.4  293.5  1043.0
2013   69.8   34.3   60.1   22.1   76.4   40.8   55.9   61.2   44.1  111.5   52.5   76.7   231.8  158.6  157.9  208.1   705.5
2014  118.5   81.8   44.2   42.0  104.4   45.5   54.7   96.2   18.2   83.0   81.6   61.1   277.1  190.7  196.4  182.7   831.2
2015   62.7   37.0   45.6   25.6   82.5   34.9   85.3   73.2   39.1   65.0  116.6  148.0   160.8  153.8  193.3  220.7   815.5
2016  121.7   53.0   66.3   70.3   36.2   76.5   51.2   73.2   48.6   50.1   93.1   37.9   322.6  172.9  200.9  191.8   778.2
2017   39.4   65.9   63.9   19.4   42.9  116.0   81.7   64.4   85.0   50.1   69.1   56.8   143.2  126.1  262.0  204.2   754.5
2018   71.5   46.7   95.3   78.2   35.5   26.6   42.6   57.7   58.6   66.3   71.6   71.0   175.1  209.0  126.9  196.4   721.6
2019   22.9   37.5   83.6   31.3   54.4  112.5   75.6   89.1  104.9  115.4                 131.4  169.3  277.2
